10 15
17
1 C 10 1 2 10 0 0
2 C 1 15 1 0 0 0
0 V 1 9 1 20 0 0
2 T 1 13 1 0 0 0
0 C 2 3 1 40 0 0
0 T 3 1 1 30 0 0
0 V 3 8 1 20 0 0
0 C 3 14 1 40 0 0
0 F 4 5 1 80 0 0
0 F 5 12 1 80 0 0
0 T 6 3 1 30 0 0
0 T 7 10 1 30 0 0
1 C 8 2 2 10 0 0
0 V 8 6 1 20 0 0
0 T 8 15 1 30 0 0
0 C 9 13 1 40 0 0
0 T 10 3 1 30 0 0
0 0 0 0 0 0 0 0 0 0 0 0 1 0 0 0 1
0 0 0 1 0 0 0 1 0 0 0 0 0 0 0 0 0
0 0 0 1 0 0 1 1 0 0 0 0 0 0 0 0 0
0 1 1 0 0 0 0 1 0 0 0 0 0 0 0 0 0
0 0 0 0 0 1 1 0 1 0 0 0 0 0 0 0 0
0 0 0 0 1 0 0 0 1 0 1 0 0 0 0 0 0
0 0 1 0 1 0 0 1 1 1 0 0 0 0 0 0 0
0 1 1 1 0 0 1 0 0 1 0 0 0 0 1 0 0
0 0 0 0 1 1 1 0 0 1 1 1 0 0 0 0 0
0 0 0 0 0 0 1 1 1 0 0 1 0 0 1 0 0
0 0 0 0 0 1 0 0 1 0 0 1 1 1 0 0 0
0 0 0 0 0 0 0 0 1 1 1 0 0 1 0 1 0
1 0 0 0 0 0 0 0 0 0 1 0 0 1 0 0 1
0 0 0 0 0 0 0 0 0 0 1 1 1 0 0 0 1
0 0 0 0 0 0 0 1 0 1 0 0 0 0 0 1 0
0 0 0 0 0 0 0 0 0 0 0 1 0 0 1 0 0
1 0 0 0 0 0 0 0 0 0 0 0 1 1 0 0 0
user
2
1
13
5
ET AU CH IR B
2 1 0 0
name
2
2
4
2
ET ET
0 0 0 0
1
#