10 15
17
1 C 10 1 1 0 1 0
1 C 1 15 1 40 0 0
1 V 1 9 1 20 0 0
1 T 1 13 1 30 0 0
1 C 2 3 1 40 0 0
1 T 3 1 1 30 0 0
1 V 3 8 1 20 0 0
1 C 3 14 1 40 0 0
1 F 4 5 1 1 0 0
1 F 5 12 1 1 0 0
1 T 6 3 1 30 0 0
1 T 7 10 1 30 0 0
1 C 8 2 1 0 0 0
1 V 8 6 1 20 0 0
1 T 8 15 1 30 0 0
1 C 9 13 1 40 0 0
1 T 10 3 1 30 0 0
0 0 0 0 0 0 0 0 0 0 0 0 1 0 0 0 1
0 0 0 1 0 0 0 1 0 0 0 0 0 0 0 0 0
0 0 0 1 0 0 1 1 0 0 0 0 0 0 0 0 0
0 1 1 0 0 0 0 1 0 0 0 0 0 0 0 0 0
0 0 0 0 0 1 1 0 1 0 0 0 0 0 0 0 0
0 0 0 0 1 0 0 0 1 0 1 0 0 0 0 0 0
0 0 1 0 1 0 0 1 1 1 0 0 0 0 0 0 0
0 1 1 1 0 0 1 0 0 1 0 0 0 0 1 0 0
0 0 0 0 1 1 1 0 0 1 1 1 0 0 0 0 0
0 0 0 0 0 0 1 1 1 0 0 1 0 0 1 0 0
0 0 0 0 0 1 0 0 1 0 0 1 1 1 0 0 0
0 0 0 0 0 0 0 0 1 1 1 0 0 1 0 1 0
1 0 0 0 0 0 0 0 0 0 1 0 0 1 0 0 1
0 0 0 0 0 0 0 0 0 0 1 1 1 0 0 0 1
0 0 0 0 0 0 0 1 0 1 0 0 0 0 0 1 0
0 0 0 0 0 0 0 0 0 0 0 1 0 0 1 0 0
1 0 0 0 0 0 0 0 0 0 0 0 1 1 0 0 0
user
15
1
2
3
4
5
6
7
8
9
10
11
12
13
14
15
16
17
1
IU
0 1 0 0
name
0
1
B
0 0 0 0
1
#